기준시점,시도,자치구,행정동,총인구수,0~9세_비율,10~19세_비율,20~29세_비율,30~39세_비율,40~49세_비율,50~59세_비율,60세이상_비율
2023Q1,서울특별시,강남구,개포1동,6892,0.06282646547,0.1018572258,0.1005513639,0.09822983169,0.1523505514,0.1564132327,0.3277713291
2023Q1,서울특별시,강남구,개포2동,34097,0.08953866909,0.1309206089,0.112766519,0.1251429745,0.1838871455,0.1671114761,0.190632607
2023Q1,서울특별시,강남구,개포3동,17121,0.06366450558,0.09865077974,0.09596402079,0.1410548449,0.1741720694,0.1463115472,0.2801822323
2023Q1,서울특별시,강남구,개포4동,23434,0.06738072886,0.09494751216,0.1286165401,0.1543057097,0.1636084322,0.168857216,0.2222838611
2023Q1,서울특별시,강남구,논현1동,21340,0.02675726336,0.0385660731,0.1926897844,0.2455951265,0.1727741331,0.1282099344,0.1954076851
2023Q1,서울특별시,강남구,논현2동,20477,0.04595399717,0.05948136934,0.152854422,0.2021780534,0.1807393661,0.1453337891,0.2134590028
2023Q1,서울특별시,강남구,대치1동,23764,0.06589799697,0.2226056219,0.0961117657,0.05714526174,0.221595691,0.1739185322,0.1627251304
2023Q1,서울특별시,강남구,대치2동,36880,0.05520607375,0.1701735358,0.110818872,0.08885574837,0.1864425163,0.1769522777,0.2115509761
2023Q1,서울특별시,강남구,대치4동,18956,0.03212703102,0.1201202785,0.1636948723,0.1613209538,0.1914960962,0.1748786664,0.1563621017
2023Q1,서울특별시,강남구,도곡1동,20776,0.07176549865,0.1156141702,0.1221120524,0.1371293801,0.1768867925,0.1614844051,0.2150077012
2023Q1,서울특별시,강남구,도곡2동,32670,0.07572696664,0.1471380471,0.1089990817,0.09421487603,0.186134068,0.1715947352,0.2161922253
2023Q1,서울특별시,강남구,삼성1동,12432,0.05638674389,0.0949967825,0.1292631918,0.1404440154,0.1602316602,0.1678732304,0.2508043758
2023Q1,서울특별시,강남구,삼성2동,30682,0.06798774526,0.1179518936,0.1227103839,0.155107229,0.203409165,0.1594094257,0.1734241575
2023Q1,서울특별시,강남구,세곡동,43784,0.07427370729,0.114722273,0.1209802668,0.1417412754,0.179517632,0.1424721359,0.2262927097
2023Q1,서울특별시,강남구,수서동,14205,0.03907074974,0.03541006688,0.08299894403,0.13593805,0.1156634988,0.1335445266,0.457374164
2023Q1,서울특별시,강남구,신사동,15545,0.05480862014,0.09990350595,0.1260855581,0.1331617884,0.1637182374,0.1628176262,0.2595046639
2023Q1,서울특별시,강남구,압구정동,25651,0.07103036919,0.1050641301,0.1084947955,0.1104050524,0.1672839266,0.1668940782,0.270827648
2023Q1,서울특별시,강남구,역삼1동,34328,0.0248776509,0.0384817059,0.2026625495,0.2815777208,0.1763866232,0.1202808203,0.1557329294
2023Q1,서울특별시,강남구,역삼2동,36989,0.06388385736,0.1572088999,0.1211170889,0.1254156641,0.2329070805,0.1557760415,0.1436913677
2023Q1,서울특별시,강남구,일원1동,14749,0.04190114584,0.07010644789,0.1342463896,0.148484643,0.1373652451,0.1493660587,0.3185300698
2023Q1,서울특별시,강남구,일원본동,22882,0.07814002273,0.1440870553,0.100034962,0.1124464645,0.1887509833,0.160388078,0.2161524342
2023Q1,서울특별시,강남구,청담동,25144,0.07027521476,0.09031975819,0.1325167038,0.149697741,0.1807588291,0.1586859688,0.2177457843
2023Q1,서울특별시,강동구,강일동,32888,0.08836049623,0.110283386,0.1040805157,0.1280102165,0.1658051569,0.1445816103,0.2588786183
2023Q1,서울특별시,강동구,고덕제1동,23826,0.09724670528,0.1568454629,0.08461344749,0.1056408965,0.2195920423,0.1416519768,0.1944094686
2023Q1,서울특별시,강동구,고덕제2동,22739,0.108184177,0.09991644312,0.09389155196,0.1539645543,0.189366287,0.1429262501,0.2117507366
2023Q1,서울특별시,강동구,길동,44889,0.04718305153,0.06021519749,0.1450466707,0.1609525719,0.1467174586,0.1582793112,0.2816057386
2023Q1,서울특별시,강동구,둔촌제1동,65,0.01538461538,0.07692307692,0.1230769231,0.1692307692,0.1692307692,0.2,0.2461538462
2023Q1,서울특별시,강동구,둔촌제2동,24105,0.06214478324,0.08039825762,0.1309271935,0.1471478946,0.1473138353,0.1622484962,0.2698195395
2023Q1,서울특별시,강동구,명일제1동,25484,0.08271856851,0.09299952912,0.1099121017,0.1493878512,0.1632004395,0.15433213,0.24744938
2023Q1,서울특별시,강동구,명일제2동,17248,0.05751391466,0.1389146568,0.1264494434,0.108708256,0.1737012987,0.1535250464,0.241187384
2023Q1,서울특별시,강동구,상일제1동,39285,0.1208349243,0.1166603029,0.09008527428,0.1364133893,0.2009927453,0.1375843197,0.1974290442
2023Q1,서울특별시,강동구,상일제2동,11963,0.08843935468,0.1182813675,0.1365878124,0.1388447714,0.1521357519,0.1466187411,0.219092201
2023Q1,서울특별시,강동구,성내제1동,19627,0.07046415652,0.08371121414,0.1288021603,0.154481072,0.1667600754,0.1520354614,0.2437458603
2023Q1,서울특별시,강동구,성내제2동,22875,0.03912568306,0.04646994536,0.1541420765,0.1794972678,0.1372240437,0.1541420765,0.2893989071
2023Q1,서울특별시,강동구,성내제3동,22676,0.04603986594,0.07025048509,0.1476450873,0.1478655848,0.1522314341,0.1684600459,0.2675074969
2023Q1,서울특별시,강동구,암사제1동,34034,0.05400481871,0.07125227713,0.131339249,0.1434447905,0.1539636834,0.1719457014,0.2740494799
2023Q1,서울특별시,강동구,암사제2동,14967,0.08071089731,0.06701409768,0.1185942407,0.1802632458,0.156277143,0.1497294047,0.2474109708
2023Q1,서울특별시,강동구,암사제3동,17459,0.09204421788,0.1118047998,0.1036141818,0.1209118506,0.1833438341,0.151669626,0.2366114898
2023Q1,서울특별시,강동구,천호제1동,26359,0.04681512956,0.06016920217,0.1289882014,0.1479949922,0.1456428544,0.1660533404,0.3043362798
2023Q1,서울특별시,강동구,천호제2동,33213,0.0462168428,0.05112455966,0.1428657453,0.1853190016,0.1457561798,0.1540962876,0.2746213832
2023Q1,서울특별시,강동구,천호제3동,26280,0.04482496195,0.04296042618,0.1668569254,0.1890030441,0.1363394216,0.14847793,0.2715372907
2023Q1,서울특별시,강북구,미아동,21136,0.02942846329,0.05862036336,0.17084595,0.129494701,0.1296366389,0.1672501893,0.3147236942
2023Q1,서울특별시,강북구,번1동,18091,0.0307335139,0.05151732906,0.1670443867,0.1450997734,0.145984191,0.1647780664,0.2948427395
2023Q1,서울특별시,강북구,번2동,15210,0.03313609467,0.05917159763,0.1290598291,0.1049967127,0.1349769888,0.1700854701,0.368573307
2023Q1,서울특별시,강북구,번3동,16251,0.04405882715,0.06953418251,0.1043012738,0.09377884438,0.1361147006,0.1694664944,0.3827456772
2023Q1,서울특별시,강북구,삼각산동,30778,0.07775034115,0.1257716551,0.1049125999,0.1067970628,0.1893560335,0.1758723764,0.2195399311
2023Q1,서울특별시,강북구,삼양동,22819,0.04662781016,0.07353521188,0.125553267,0.1177527499,0.1401025461,0.1834874447,0.3129409702
2023Q1,서울특별시,강북구,송중동,29146,0.04751938516,0.06436560763,0.1349756399,0.1322651479,0.1454401976,0.1728539079,0.3025801139
2023Q1,서울특별시,강북구,송천동,25459,0.03291566833,0.05502965552,0.1250638281,0.1170902235,0.1328410385,0.1843748773,0.3526847087
2023Q1,서울특별시,강북구,수유1동,20230,0.03850716757,0.06164112704,0.1456747405,0.1326248146,0.1343054869,0.1671774592,0.3200692042
2023Q1,서울특별시,강북구,수유2동,20823,0.0424050329,0.06113432262,0.130336647,0.1151611199,0.1357633386,0.1713009653,0.3438985737
2023Q1,서울특별시,강북구,수유3동,23065,0.0283546499,0.04630392369,0.1830479081,0.1454584869,0.1309776718,0.1689572946,0.296900065
2023Q1,서울특별시,강북구,우이동,20152,0.04471020246,0.06421198888,0.1189460103,0.1238090512,0.1351726876,0.1750198491,0.3381302104
2023Q1,서울특별시,강북구,인수동,29602,0.04280116208,0.06732653199,0.1232686981,0.1177960949,0.1342139045,0.1736031349,0.3409904736
2023Q1,서울특별시,강서구,가양제1동,34096,0.04185241671,0.05197090568,0.2302909432,0.2614969498,0.1332707649,0.1207179728,0.1604000469
2023Q1,서울특별시,강서구,가양제2동,13756,0.03278569352,0.03016865368,0.1001017738,0.1646554231,0.1015556848,0.1271445188,0.4435882524
2023Q1,서울특별시,강서구,가양제3동,14465,0.04604217076,0.02972692707,0.09408918078,0.2064293121,0.1219495334,0.1359142758,0.3658486001
2023Q1,서울특별시,강서구,공항동,30194,0.1029012387,0.07385573293,0.1271113466,0.1709611181,0.1732132212,0.1346625157,0.2172948268
2023Q1,서울특별시,강서구,등촌제1동,24773,0.05130585718,0.04799580188,0.1943244662,0.2637548944,0.1361966657,0.1243289065,0.1820934081
2023Q1,서울특별시,강서구,등촌제2동,19617,0.05240352755,0.07274302901,0.1440077484,0.1693938931,0.1459448438,0.1580262018,0.2574807565
2023Q1,서울특별시,강서구,등촌제3동,29651,0.04988027385,0.05713129405,0.115004553,0.1546996729,0.1236383259,0.155306735,0.3443391454
2023Q1,서울특별시,강서구,발산제1동,35919,0.07074250397,0.1371140622,0.1202427685,0.1060719953,0.1842757315,0.1660959381,0.2154570005
2023Q1,서울특별시,강서구,방화제1동,42512,0.07856605194,0.1020652992,0.1102277004,0.1390666165,0.174609522,0.1500047046,0.2454601054
2023Q1,서울특별시,강서구,방화제2동,22997,0.04561464539,0.05818150194,0.137626647,0.1649780406,0.13566987,0.1484106623,0.3095186329
2023Q1,서울특별시,강서구,방화제3동,22320,0.0501344086,0.06285842294,0.09296594982,0.1562275986,0.146281362,0.1479390681,0.34359319
2023Q1,서울특별시,강서구,염창동,41378,0.08651940645,0.1073275654,0.1299966166,0.1743921891,0.1788148291,0.146019624,0.1769297694
2023Q1,서울특별시,강서구,우장산동,43515,0.073675744,0.1278409744,0.1182350913,0.1178903826,0.1903711364,0.1608870504,0.2110996208
2023Q1,서울특별시,강서구,화곡본동,33572,0.04879065888,0.06681162874,0.1729417372,0.1844394138,0.1568271178,0.1413678065,0.2288216371
2023Q1,서울특별시,강서구,화곡제1동,51788,0.04226847918,0.04421873793,0.1808140882,0.206051595,0.1426392214,0.1383332046,0.2456746737
2023Q1,서울특별시,강서구,화곡제2동,17420,0.05080367394,0.07508610792,0.142250287,0.1541331803,0.1639494834,0.1604477612,0.2533295063
2023Q1,서울특별시,강서구,화곡제3동,21352,0.04880104908,0.07521543649,0.1437336081,0.1501498689,0.1454196328,0.1495878606,0.287092544
2023Q1,서울특별시,강서구,화곡제4동,20052,0.04448434071,0.06323558747,0.131059246,0.1516556952,0.157839617,0.1610313186,0.2906941951
2023Q1,서울특별시,강서구,화곡제6동,25000,0.04124,0.0602,0.17792,0.18024,0.13832,0.14972,0.25236
2023Q1,서울특별시,강서구,화곡제8동,23910,0.04186532831,0.06068590548,0.1568799665,0.1625679632,0.1536595567,0.1496863237,0.2746549561
2023Q2,서울특별시,강남구,개포1동,6874,0.06211812627,0.1025603724,0.09994180972,0.09819610125,0.1555135292,0.1533313937,0.3283386674
2023Q2,서울특별시,강남구,개포2동,38769,0.08826639841,0.1259511465,0.1139828213,0.1331218241,0.1802728984,0.1657767804,0.1926281307
2023Q2,서울특별시,강남구,개포3동,17069,0.06198371316,0.09736950026,0.09801394341,0.1415431484,0.1727107622,0.1446481926,0.2837307399
2023Q2,서울특별시,강남구,개포4동,23395,0.06783500748,0.09416541996,0.1270356914,0.156315452,0.1622996367,0.1682410772,0.2241077153
2023Q2,서울특별시,강남구,논현1동,21261,0.02633930671,0.03861530502,0.1890785946,0.2468369315,0.1731809416,0.1289214995,0.1970274211
2023Q2,서울특별시,강남구,논현2동,20662,0.04505856161,0.05919078502,0.1590843094,0.2018197658,0.1763140064,0.1452424741,0.2132900978
2023Q2,서울특별시,강남구,대치1동,23784,0.06437100572,0.2237218298,0.09472754793,0.05671880256,0.2238900101,0.1723847965,0.1641860074
2023Q2,서울특별시,강남구,대치2동,37026,0.05612272457,0.1706098417,0.109382596,0.08896451142,0.1859504132,0.1771457894,0.2118241236
2023Q2,서울특별시,강남구,대치4동,18862,0.03170395504,0.1202947726,0.162602057,0.1633973068,0.1868306648,0.1774467183,0.1577245255
2023Q2,서울특별시,강남구,도곡1동,20734,0.07089804186,0.1160895148,0.1212501206,0.1359120286,0.1785473136,0.1605575383,0.2167454423
2023Q2,서울특별시,강남구,도곡2동,32567,0.07397058372,0.1471428133,0.1092516965,0.09343814291,0.1862928732,0.1715540271,0.2183498634
2023Q2,서울특별시,강남구,삼성1동,12345,0.05565006075,0.09453219927,0.1265289591,0.1414337789,0.1607128392,0.1667881733,0.2543539895
2023Q2,서울특별시,강남구,삼성2동,30464,0.06732536765,0.1179096639,0.1212578782,0.1533285189,0.2038143382,0.1607142857,0.1756499475
2023Q2,서울특별시,강남구,세곡동,44205,0.07392828866,0.1142404705,0.1206424613,0.1445311616,0.178577084,0.1412962335,0.2267843004
2023Q2,서울특별시,강남구,수서동,14220,0.04022503516,0.03495077356,0.08122362869,0.1367088608,0.114697609,0.132559775,0.4596343179
2023Q2,서울특별시,강남구,신사동,15555,0.05451623272,0.09951783992,0.1258116361,0.1329476053,0.1621343619,0.1641915783,0.2608807457
2023Q2,서울특별시,강남구,압구정동,25607,0.07076190104,0.1045807787,0.1090326864,0.1091888937,0.1674932636,0.1673370563,0.2716054204
2023Q2,서울특별시,강남구,역삼1동,34328,0.02476112794,0.03754952226,0.202167327,0.2835003496,0.1743474715,0.1213586577,0.1563155442
2023Q2,서울특별시,강남구,역삼2동,36920,0.0624864572,0.1574485374,0.1214788732,0.125,0.2318255688,0.1570964247,0.1446641387
2023Q2,서울특별시,강남구,일원1동,14642,0.04207075536,0.0678869007,0.1348176479,0.148476984,0.1367299549,0.1477257205,0.3222920366
2023Q2,서울특별시,강남구,일원본동,22824,0.07803189625,0.1426568524,0.1000701016,0.1124693305,0.1882667368,0.160576586,0.2179284963
2023Q2,서울특별시,강남구,청담동,25026,0.06892831455,0.09018620635,0.1315032366,0.150563414,0.179773036,0.1593143131,0.2197314793
2023Q2,서울특별시,강동구,강일동,32811,0.0867696809,0.1101459876,0.1027704124,0.1279448965,0.1657980555,0.1455609399,0.2610100271
2023Q2,서울특별시,강동구,고덕제1동,23876,0.09595409616,0.1578572625,0.08368235885,0.104582007,0.2197185458,0.1426118278,0.1955939018
2023Q2,서울특별시,강동구,고덕제2동,22727,0.107581291,0.1010252123,0.09262111145,0.15166982,0.1915782989,0.1418577023,0.213666564
2023Q2,서울특별시,강동구,길동,44808,0.04677736119,0.05914122478,0.1441037315,0.1606186395,0.1462238886,0.1586100696,0.2845250848
2023Q2,서울특별시,강동구,둔촌제1동,61,0.01639344262,0.08196721311,0.1147540984,0.1803278689,0.1639344262,0.1803278689,0.262295082
2023Q2,서울특별시,강동구,둔촌제2동,24058,0.06168426303,0.07831074902,0.1305594813,0.1478510267,0.1468950037,0.1621498046,0.2725496716
2023Q2,서울특별시,강동구,명일제1동,25458,0.08166391704,0.09305522822,0.1093958677,0.1498153822,0.1628171891,0.1543719067,0.2488805091
2023Q2,서울특별시,강동구,명일제2동,17210,0.0563625799,0.1381173736,0.1256827426,0.1088901801,0.1731551424,0.1545031958,0.2432887856
2023Q2,서울특별시,강동구,상일제1동,39283,0.1192882417,0.1182699896,0.08889341445,0.1349184125,0.2019448616,0.1374894993,0.1991955808
2023Q2,서울특별시,강동구,상일제2동,11923,0.08731024071,0.1160781682,0.1366266879,0.1394783192,0.1523945316,0.147194498,0.2209175543
2023Q2,서울특별시,강동구,성내제1동,19580,0.07012257406,0.08283963228,0.1286006129,0.1532175689,0.1667517875,0.152145046,0.2463227783
2023Q2,서울특별시,강동구,성내제2동,22747,0.03824680178,0.04572031477,0.1536905966,0.1803754341,0.136677364,0.1525915505,0.2926979382
2023Q2,서울특별시,강동구,성내제3동,22559,0.04525909836,0.06915200142,0.1473912851,0.1472583005,0.1507159005,0.1694224035,0.2708010107
2023Q2,서울특별시,강동구,암사제1동,34022,0.05284815707,0.07016048439,0.1303568279,0.144465346,0.152901064,0.1708600317,0.2784080889
2023Q2,서울특별시,강동구,암사제2동,14890,0.07904633983,0.06729348556,0.1185359302,0.179113499,0.1564808596,0.1503022163,0.2492276696
2023Q2,서울특별시,강동구,암사제3동,17398,0.09041269111,0.1112196804,0.1037475572,0.1212783079,0.1830095413,0.1513392344,0.2389929877
2023Q2,서울특별시,강동구,천호제1동,26206,0.04579104022,0.05960467069,0.1274135694,0.1493169503,0.1432496375,0.1663359536,0.3082881783
2023Q2,서울특별시,강동구,천호제2동,33091,0.0452993261,0.0506784322,0.1417303799,0.1869088272,0.1444199329,0.152790789,0.2781723127
2023Q2,서울특별시,강동구,천호제3동,26245,0.04457991998,0.04221756525,0.1656315489,0.1895980187,0.1363307297,0.1482187083,0.2734235092
2023Q2,서울특별시,강북구,미아동,21041,0.0284682287,0.0572691412,0.170951951,0.1285585286,0.1283684236,0.1679102704,0.3184734566
2023Q2,서울특별시,강북구,번1동,17903,0.02977154667,0.05094118304,0.1664525499,0.1447802044,0.1450594872,0.1659498408,0.297045188
2023Q2,서울특별시,강북구,번2동,15106,0.03177545346,0.05904938435,0.1275652059,0.1058519793,0.1331259102,0.1700648749,0.3725671918
2023Q2,서울특별시,강북구,번3동,16447,0.0429865629,0.06779351857,0.1063415821,0.09782939138,0.1338237977,0.1656837113,0.3855414361
2023Q2,서울특별시,강북구,삼각산동,30753,0.07661041199,0.1251910383,0.1052255065,0.106396124,0.1872337658,0.1774461028,0.2218970507
2023Q2,서울특별시,강북구,삼양동,22697,0.04582103362,0.07379829933,0.1252147861,0.1157862273,0.1397982112,0.1839890734,0.315592369
2023Q2,서울특별시,강북구,송중동,28992,0.04649558499,0.06484547461,0.1342784216,0.1325193157,0.1441777042,0.1728062914,0.3048772075
2023Q2,서울특별시,강북구,송천동,25182,0.03109363831,0.05515844651,0.1229846716,0.1176236995,0.1307680089,0.1853307918,0.3570407434
2023Q2,서울특별시,강북구,수유1동,20073,0.0380112589,0.06227270463,0.1431774025,0.1338115877,0.1318188612,0.1656952125,0.3252129726
2023Q2,서울특별시,강북구,수유2동,20757,0.04205810088,0.06017247194,0.1293057764,0.1152864094,0.1337380161,0.1719419955,0.3474972299
2023Q2,서울특별시,강북구,수유3동,22956,0.02783585991,0.04547830633,0.1832636348,0.1448858686,0.1277225998,0.1693674856,0.301446245
2023Q2,서울특별시,강북구,우이동,20031,0.04408167341,0.06375118566,0.1176676152,0.1219110379,0.1337926214,0.1764265389,0.3423693275
2023Q2,서울특별시,강북구,인수동,29446,0.04160157577,0.0672756911,0.1217143245,0.1175711472,0.1335665286,0.1730625552,0.3452081777
2023Q2,서울특별시,강서구,가양제1동,34079,0.04155051498,0.05120455412,0.2300830423,0.2622436104,0.1323982511,0.1208955662,0.1616244608
2023Q2,서울특별시,강서구,가양제2동,13618,0.03275077104,0.02922602438,0.09891320311,0.1653693641,0.1011161698,0.1253488031,0.4472756646
2023Q2,서울특별시,강서구,가양제3동,14413,0.04509817526,0.02934850482,0.09255533199,0.2066190245,0.1229445639,0.1358495802,0.3675848193
2023Q2,서울특별시,강서구,공항동,30010,0.101032989,0.07477507498,0.1261579474,0.1697100966,0.1742085971,0.1351216261,0.2189936688
2023Q2,서울특별시,강서구,등촌제1동,24829,0.05151234444,0.04635708244,0.1940472834,0.2648918603,0.1366547183,0.1225985742,0.1839381369
2023Q2,서울특별시,강서구,등촌제2동,19510,0.05253716043,0.07088672476,0.143208611,0.170169144,0.1439774475,0.1578677601,0.2613531522
2023Q2,서울특별시,강서구,등촌제3동,29569,0.04947749332,0.05668098346,0.1148500118,0.154283202,0.12256079,0.154283202,0.3478643174
2023Q2,서울특별시,강서구,발산제1동,35856,0.06841253905,0.1368529674,0.1207329317,0.1058958054,0.182758813,0.1673081214,0.218038822
2023Q2,서울특별시,강서구,방화제1동,42536,0.07741677638,0.1022898251,0.108801956,0.1403281926,0.1721600527,0.1512836186,0.2477195787
2023Q2,서울특별시,강서구,방화제2동,22837,0.04505845777,0.05705653107,0.1364014538,0.1659149626,0.1343433901,0.1507203223,0.3105048824
2023Q2,서울특별시,강서구,방화제3동,22197,0.04910573501,0.06248592152,0.0916340046,0.1550209488,0.1460557733,0.14830833,0.3473892868
2023Q2,서울특별시,강서구,염창동,41384,0.08544364972,0.1061763,0.1302194085,0.1753817901,0.1782572975,0.1466267156,0.1778948386
2023Q2,서울특별시,강서구,우장산동,43746,0.0730123897,0.1267544461,0.118205093,0.1199423947,0.1891144333,0.1605403923,0.2124308508
2023Q2,서울특별시,강서구,화곡본동,33401,0.04775306129,0.06661477201,0.1708631478,0.1850842789,0.1557139008,0.1423310679,0.2316397713
2023Q2,서울특별시,강서구,화곡제1동,51612,0.04181198171,0.04320700612,0.1802487794,0.206056731,0.1420793614,0.1381074169,0.2484887236
2023Q2,서울특별시,강서구,화곡제2동,17341,0.05103511908,0.07410183957,0.1413413298,0.1544316937,0.1631970475,0.1590450378,0.2568479326
2023Q2,서울특별시,강서구,화곡제3동,21305,0.04792302276,0.07505280451,0.1430180709,0.1509974184,0.1440976297,0.1486974889,0.2902135649
2023Q2,서울특별시,강서구,화곡제4동,19945,0.04392078215,0.06242165956,0.1292554525,0.1508648784,0.1559288042,0.1631486588,0.2944597644
2023Q2,서울특별시,강서구,화곡제6동,24872,0.04092955934,0.05914281119,0.1757799936,0.1800820199,0.1393534899,0.1498874236,0.2548247025
2023Q2,서울특별시,강서구,화곡제8동,23779,0.04159132007,0.06030531141,0.1552209933,0.1620757812,0.1528239203,0.150553009,0.2774296648
2023Q3,서울특별시,강남구,개포1동,6892,0.06166569936,0.1057748114,0.09721416135,0.09605339524,0.1584445734,0.1533662217,0.3274811376
2023Q3,서울특별시,강남구,개포2동,40824,0.08791397217,0.123824221,0.1136586322,0.1419263179,0.1801146384,0.1624289634,0.1901332549
2023Q3,서울특별시,강남구,개포3동,16949,0.06177355596,0.09593486341,0.09664286979,0.1416602749,0.1738745649,0.1439022951,0.2862115759
2023Q3,서울특별시,강남구,개포4동,23412,0.06731590637,0.09354177345,0.1254912011,0.1570562105,0.1622245003,0.1682043397,0.2261660687
2023Q3,서울특별시,강남구,논현1동,21123,0.02584860105,0.03905695214,0.1862424845,0.2487809497,0.1727500828,0.1292430053,0.1980779245
2023Q3,서울특별시,강남구,논현2동,20492,0.04343158306,0.0594378294,0.157183291,0.2016884638,0.1754343158,0.1475697833,0.2152547336
2023Q3,서울특별시,강남구,대치1동,23969,0.06370728858,0.224247987,0.09512286704,0.05582210355,0.2242897075,0.1731403062,0.1636697401
2023Q3,서울특별시,강남구,대치2동,38049,0.05726825935,0.1744855318,0.1074404058,0.08746616205,0.1898341612,0.1743804042,0.2091250756
2023Q3,서울특별시,강남구,대치4동,18893,0.03038162282,0.1250198486,0.161170804,0.1633938496,0.1843010639,0.1766791934,0.1590536177
2023Q3,서울특별시,강남구,도곡1동,20681,0.06982254243,0.1171606789,0.1203520139,0.1361636285,0.1778927518,0.1601953484,0.2184130361
2023Q3,서울특별시,강남구,도곡2동,32605,0.07370035271,0.1467259623,0.1085723049,0.0928385217,0.1869345192,0.1709860451,0.2202422941
2023Q3,서울특별시,강남구,삼성1동,12333,0.05505554204,0.09373226303,0.1285980702,0.1402740615,0.159166464,0.1691397065,0.2540338928
2023Q3,서울특별시,강남구,삼성2동,30497,0.06666229465,0.116011411,0.1227005935,0.1523756435,0.2027740433,0.1630324294,0.1764435846
2023Q3,서울특별시,강남구,세곡동,45641,0.0812646524,0.1113034333,0.1178107403,0.1536337942,0.1770338073,0.1373326614,0.221620911
2023Q3,서울특별시,강남구,수서동,14158,0.03849413759,0.03559824834,0.08115553044,0.1352592174,0.1125158921,0.1331402741,0.4638367001
2023Q3,서울특별시,강남구,신사동,15433,0.05371606298,0.09920300654,0.1246031232,0.1327026502,0.1609538003,0.164452796,0.2643685609
2023Q3,서울특별시,강남구,압구정동,25571,0.07043134801,0.1051972938,0.1085604787,0.1082867311,0.1668296117,0.1662821165,0.2744124203
2023Q3,서울특별시,강남구,역삼1동,34352,0.02401606893,0.04020144388,0.2005414532,0.2799545878,0.1763216116,0.1211283186,0.1578365161
2023Q3,서울특별시,강남구,역삼2동,36776,0.06137154666,0.1586632586,0.1205677616,0.1238035675,0.2312649554,0.1598053078,0.1445236023
2023Q3,서울특별시,강남구,일원1동,14652,0.04074529075,0.06804531805,0.1341796342,0.1471471471,0.1388888889,0.1465328965,0.3244608245
2023Q3,서울특별시,강남구,일원본동,22849,0.07702744103,0.1430697186,0.09912906473,0.1124338045,0.188016981,0.1604008928,0.2199220972
2023Q3,서울특별시,강남구,청담동,24806,0.06764492462,0.09042167218,0.1292832379,0.1508506007,0.1791502056,0.1604450536,0.2222043054
2023Q3,서울특별시,강동구,강일동,32627,0.08578784442,0.1085910442,0.1029821927,0.1268581236,0.1654764459,0.1454316977,0.2648726515
2023Q3,서울특별시,강동구,고덕제1동,23952,0.09385437542,0.1596943888,0.08320808283,0.1029559118,0.2212341349,0.141491316,0.1975617902
2023Q3,서울특별시,강동구,고덕제2동,22759,0.1056285426,0.1032119162,0.09191968013,0.1502262841,0.1937255591,0.1410870425,0.2142009754
2023Q3,서울특별시,강동구,길동,44627,0.0459811325,0.05926905237,0.1419096063,0.1605978444,0.145898223,0.1589396554,0.2874044861
2023Q3,서울특별시,강동구,둔촌제1동,62,0.01612903226,0.08064516129,0.1129032258,0.1612903226,0.1935483871,0.1612903226,0.2741935484
2023Q3,서울특별시,강동구,둔촌제2동,24269,0.0612303762,0.07791833203,0.1292595492,0.1514689522,0.1451646133,0.1609460629,0.2740121142
2023Q3,서울특별시,강동구,명일제1동,25319,0.08080887871,0.09249970378,0.1087325724,0.1487420514,0.1635135669,0.1542319997,0.2514712271
2023Q3,서울특별시,강동구,명일제2동,17187,0.05533251876,0.1395240589,0.1247454471,0.1081049631,0.1728050271,0.1558736254,0.2436143597
2023Q3,서울특별시,강동구,상일제1동,39288,0.1170586439,0.1200111993,0.0885257585,0.131719609,0.2039299532,0.1382355936,0.2005192425
2023Q3,서울특별시,강동구,상일제2동,11822,0.08729487396,0.1148705803,0.1322957198,0.141515818,0.1509896803,0.1488749789,0.2241583488
2023Q3,서울특별시,강동구,성내제1동,19513,0.06990211654,0.08256034439,0.1282222108,0.1532824271,0.1666581254,0.1511812638,0.248193512
2023Q3,서울특별시,강동구,성내제2동,23089,0.03737710598,0.04504309411,0.1604227121,0.1823812205,0.134263069,0.1492485599,0.2912642384
2023Q3,서울특별시,강동구,성내제3동,22472,0.04521181915,0.06719473122,0.146003916,0.1477839089,0.1500978996,0.1699003204,0.2738074048
2023Q3,서울특별시,강동구,암사제1동,33893,0.05186911752,0.06986693418,0.1279320214,0.1451037087,0.1524208539,0.1709792583,0.2818281061
2023Q3,서울특별시,강동구,암사제2동,14894,0.07815227608,0.0670068484,0.1178998254,0.1803410769,0.1553645763,0.1504632738,0.250772123
2023Q3,서울특별시,강동구,암사제3동,17334,0.08993884851,0.1111688012,0.1030344987,0.1210338064,0.1825891312,0.1507442021,0.2414907119
2023Q3,서울특별시,강동구,천호제1동,26113,0.04511163022,0.05878298166,0.126833378,0.1486232911,0.1426109601,0.1664688086,0.3115689503
2023Q3,서울특별시,강동구,천호제2동,32980,0.04493632505,0.04987871437,0.1409338993,0.1858095816,0.1448150394,0.1533959976,0.2802304427
2023Q3,서울특별시,강동구,천호제3동,26185,0.04452931067,0.04162688562,0.1642543441,0.1914836739,0.1350391445,0.1485583349,0.2745083063
2023Q3,서울특별시,강북구,미아동,20990,0.02810862315,0.05626488804,0.1709861839,0.1280133397,0.1270128633,0.1677941877,0.3218199142
2023Q3,서울특별시,강북구,번1동,17823,0.02934410593,0.04965494025,0.1668069349,0.1436346294,0.1439712731,0.1665825058,0.3000056107
2023Q3,서울특별시,강북구,번2동,14977,0.0315817587,0.05748814849,0.1263938038,0.1056953996,0.131067637,0.1701275289,0.3776457234
2023Q3,서울특별시,강북구,번3동,16435,0.04198357165,0.06784301795,0.10623669,0.09765743839,0.1314876787,0.1678734408,0.3869181625
2023Q3,서울특별시,강북구,삼각산동,30711,0.07472892449,0.1248087005,0.1064113835,0.1048484256,0.1870665234,0.1781120771,0.2240239654
2023Q3,서울특별시,강북구,삼양동,22551,0.04492040264,0.07245798412,0.1254046384,0.1162254445,0.1380870028,0.1843377234,0.3185668041
2023Q3,서울특별시,강북구,송중동,28813,0.04570853434,0.06524832541,0.1333078819,0.1323013917,0.1437892618,0.1719709853,0.3076736195
2023Q3,서울특별시,강북구,송천동,24947,0.0299033952,0.05451557301,0.1225397843,0.1175692468,0.1282719365,0.1857537981,0.3614462661
2023Q3,서울특별시,강북구,수유1동,20032,0.03679113419,0.06170127796,0.142971246,0.1334365016,0.1310403355,0.166783147,0.3272763578
2023Q3,서울특별시,강북구,수유2동,20656,0.04144074361,0.06003098373,0.1278079009,0.1152691712,0.1329879938,0.1717176607,0.3507455461
2023Q3,서울특별시,강북구,수유3동,23045,0.02712085051,0.04482534172,0.1857669777,0.1446300716,0.1271425472,0.1681926665,0.3023215448
2023Q3,서울특별시,강북구,우이동,19935,0.04339102082,0.06305492852,0.1162779032,0.1216955104,0.1330825182,0.1780285929,0.344469526
2023Q3,서울특별시,강북구,인수동,29240,0.04001367989,0.06689466484,0.1208618331,0.1178180575,0.1335499316,0.171751026,0.3491108071
2023Q3,서울특별시,강서구,가양제1동,33992,0.04053895034,0.05027653566,0.2311720405,0.2629442222,0.1312073429,0.1199399859,0.1639209226
2023Q3,서울특별시,강서구,가양제2동,13520,0.03195266272,0.02921597633,0.09778106509,0.1639792899,0.1012573964,0.123964497,0.4518491124
2023Q3,서울특별시,강서구,가양제3동,14232,0.04461776279,0.02901911186,0.09043001686,0.2052417088,0.1259134345,0.1341343451,0.37064362
2023Q3,서울특별시,강서구,공항동,29747,0.09785860759,0.07580596363,0.1263993008,0.1662688674,0.1761858339,0.1362826504,0.2211987763
2023Q3,서울특별시,강서구,등촌제1동,24888,0.0506268081,0.04588556734,0.1914577306,0.2658711025,0.1388621022,0.1218659595,0.1854307297
2023Q3,서울특별시,강서구,등촌제2동,19417,0.05170726683,0.07179275892,0.1397744245,0.1712931967,0.1437915229,0.1561518257,0.2654890045
2023Q3,서울특별시,강서구,등촌제3동,29554,0.04953644177,0.05599918793,0.1122013941,0.1559179806,0.1223523043,0.1529742167,0.3510184747
2023Q3,서울특별시,강서구,발산제1동,35744,0.06627685765,0.1374776186,0.120551701,0.1057520143,0.1827999105,0.1667412713,0.2204006267
2023Q3,서울특별시,강서구,방화제1동,42248,0.07571956069,0.1018983147,0.10826548,0.1401013066,0.1714163984,0.1518415073,0.2507574323
2023Q3,서울특별시,강서구,방화제2동,22759,0.04446592557,0.05602179358,0.1356386484,0.1657805703,0.134012918,0.1501384068,0.3139417373
2023Q3,서울특별시,강서구,방화제3동,22075,0.04774631937,0.06251415629,0.09050962627,0.1542015855,0.1466817667,0.1475424689,0.350804077
2023Q3,서울특별시,강서구,염창동,41326,0.08425688429,0.1054783913,0.1299182113,0.1764506606,0.1772975851,0.1462759522,0.1803223152
2023Q3,서울특별시,강서구,우장산동,43811,0.07256168542,0.1247175367,0.119353587,0.1210654858,0.1876925886,0.161078268,0.2135308484
2023Q3,서울특별시,강서구,화곡본동,33130,0.04503471174,0.0668880169,0.1683972231,0.1866586176,0.1549351041,0.1443102928,0.2337760338
2023Q3,서울특별시,강서구,화곡제1동,51261,0.04059616473,0.04336630187,0.1775228731,0.2057899768,0.1420963305,0.1390140653,0.2516142877
2023Q3,서울특별시,강서구,화곡제2동,17198,0.04948249796,0.07436911269,0.1396674032,0.1533899291,0.1625770438,0.1603093383,0.260204675
2023Q3,서울특별시,강서구,화곡제3동,21252,0.04766610201,0.07429888952,0.1431865236,0.1486448334,0.145256917,0.1483154527,0.2926312818
2023Q3,서울특별시,강서구,화곡제4동,19846,0.04293056535,0.06227955255,0.1278343243,0.1500050388,0.1554469414,0.1640632873,0.2974402902
2023Q3,서울특별시,강서구,화곡제6동,24742,0.03977043085,0.05892813839,0.1720556139,0.1824428098,0.1400856843,0.1493412012,0.2573761216
2023Q3,서울특별시,강서구,화곡제8동,23597,0.04042886808,0.0602618977,0.1522227402,0.1618849854,0.1537483578,0.1498495571,0.2816035937
2023Q4,서울특별시,강남구,개포1동,11886,0.07134443884,0.1161029783,0.0992764597,0.09978125526,0.1738179371,0.1588423355,0.2808345953
2023Q4,서울특별시,강남구,개포2동,41684,0.08710776317,0.1232847136,0.1123692544,0.1478984742,0.1801170713,0.1601813646,0.1890413588
2023Q4,서울특별시,강남구,개포3동,16832,0.06048003802,0.0954134981,0.09672053232,0.1421102662,0.1735384981,0.1453778517,0.2863593156
2023Q4,서울특별시,강남구,개포4동,23203,0.06701719605,0.09197086584,0.1244666638,0.155152351,0.1623496962,0.1700642158,0.2289790113
2023Q4,서울특별시,강남구,논현1동,21040,0.02614068441,0.03892585551,0.1841254753,0.2482414449,0.1724334601,0.1316539924,0.1984790875
2023Q4,서울특별시,강남구,논현2동,20407,0.04214240212,0.05978340765,0.1550448376,0.2001764101,0.1770470917,0.1494095163,0.2163963346
2023Q4,서울특별시,강남구,대치1동,23889,0.06404621374,0.2236594248,0.0952321152,0.05596718155,0.2231989619,0.1727154757,0.1651806271
2023Q4,서울특별시,강남구,대치2동,38235,0.05764352033,0.1757290441,0.1048254217,0.08662220479,0.192258402,0.17460442,0.2083169871
2023Q4,서울특별시,강남구,대치4동,18638,0.03165575706,0.1189505312,0.1596201309,0.1649855135,0.1831205065,0.1796330078,0.1620345531
2023Q4,서울특별시,강남구,도곡1동,20566,0.06831663911,0.1166974618,0.119906642,0.1360497909,0.1774773899,0.1618204804,0.2197315958
2023Q4,서울특별시,강남구,도곡2동,32649,0.07387668841,0.1468038837,0.1077827805,0.09203957242,0.1876320867,0.1705412111,0.2213237771
2023Q4,서울특별시,강남구,삼성1동,12150,0.05374485597,0.09242798354,0.1279835391,0.1411522634,0.1580246914,0.1688065844,0.2578600823
2023Q4,서울특별시,강남구,삼성2동,30593,0.06488412382,0.1156800575,0.1254208479,0.1519628673,0.2009610042,0.1639263884,0.1771647109
2023Q4,서울특별시,강남구,세곡동,45531,0.07998945773,0.1112868156,0.117128989,0.1544661879,0.1772638422,0.1375765962,0.2222881114
2023Q4,서울특별시,강남구,수서동,14027,0.03721394454,0.03500392101,0.0808440864,0.1350965994,0.1120695801,0.1322449562,0.4675269124
2023Q4,서울특별시,강남구,신사동,15442,0.05387903121,0.09810905323,0.1230410569,0.1309415879,0.1622846782,0.1663644606,0.2653801321
2023Q4,서울특별시,강남구,압구정동,25580,0.06989835809,0.1051993745,0.1080140735,0.1080922596,0.1671618452,0.1668881939,0.2747458952
2023Q4,서울특별시,강남구,역삼1동,34131,0.02393718321,0.03885031203,0.1951012276,0.2819724005,0.1782836717,0.1231138847,0.1587413202
2023Q4,서울특별시,강남구,역삼2동,36398,0.05970108248,0.1596791032,0.1206110226,0.1243200176,0.2291334689,0.162481455,0.1440738502
2023Q4,서울특별시,강남구,일원1동,14558,0.03963456519,0.06855337272,0.1336722077,0.145624399,0.1379997252,0.146998214,0.3275175161
2023Q4,서울특별시,강남구,일원본동,22805,0.07691295768,0.1434334576,0.09901337426,0.1116860338,0.1867572901,0.1607542206,0.2214426661
2023Q4,서울특별시,강남구,청담동,24629,0.06735961671,0.08952860449,0.1278574039,0.1501481993,0.1793008242,0.1623695643,0.2234357871
2023Q4,서울특별시,강동구,강일동,34099,0.09050118772,0.10859556,0.1028475908,0.1280389454,0.1653420921,0.1467198452,0.2579547787
2023Q4,서울특별시,강동구,고덕제1동,23985,0.09101521784,0.1625182406,0.0819678966,0.1018136335,0.2210548259,0.1431728163,0.1984573692
2023Q4,서울특별시,강동구,고덕제2동,22773,0.105563606,0.1033680235,0.09010670531,0.1510999868,0.1936942871,0.1413955122,0.214771879
2023Q4,서울특별시,강동구,길동,44675,0.04499160604,0.05846670397,0.1415780638,0.1608058198,0.1448237269,0.1600447678,0.2892893117
2023Q4,서울특별시,강동구,둔촌제1동,52,0.01923076923,0.07692307692,0.1153846154,0.1538461538,0.2115384615,0.1730769231,0.25
2023Q4,서울특별시,강동구,둔촌제2동,24297,0.06255916368,0.07609993003,0.1285755443,0.1525291188,0.1442153352,0.1614191052,0.2746018027
2023Q4,서울특별시,강동구,명일제1동,25278,0.08006962576,0.09268929504,0.1076034496,0.1483503442,0.1639370203,0.154323918,0.253026347
2023Q4,서울특별시,강동구,명일제2동,17036,0.05476637708,0.1397041559,0.1243836581,0.1054238084,0.1725170228,0.1568443297,0.246360648
2023Q4,서울특별시,강동구,상일제1동,39317,0.1148866902,0.1225424117,0.08734135361,0.1297911845,0.2041610499,0.1397614264,0.2015158837
2023Q4,서울특별시,강동구,상일제2동,11736,0.08537832311,0.1143490116,0.1307089298,0.1413599182,0.1520109066,0.1496250852,0.2265678255
2023Q4,서울특별시,강동구,성내제1동,19391,0.06781496571,0.08173895106,0.1281522356,0.1532154092,0.1675519571,0.1525965654,0.2489299159
2023Q4,서울특별시,강동구,성내제2동,23505,0.03586470964,0.04403318443,0.1674962774,0.1873218464,0.1304403318,0.1470325463,0.287811104
2023Q4,서울특별시,강동구,성내제3동,22437,0.04372242278,0.06640816508,0.1455631323,0.1476578865,0.1496635023,0.1695413825,0.2774435085
2023Q4,서울특별시,강동구,암사제1동,33729,0.0507278603,0.06881318746,0.1270123632,0.1441786,0.1524504136,0.17178096,0.2850366154
2023Q4,서울특별시,강동구,암사제2동,14874,0.0767110394,0.06629017077,0.1187979024,0.1770203039,0.1557079468,0.1526153019,0.2528573349
2023Q4,서울특별시,강동구,암사제3동,17172,0.08816678314,0.1122757978,0.1030165386,0.118739809,0.1822152341,0.1512928022,0.2442930352
2023Q4,서울특별시,강동구,천호제1동,25971,0.04343305995,0.0584498094,0.1262947133,0.1483192792,0.1418120211,0.1671864772,0.3145046398
2023Q4,서울특별시,강동구,천호제2동,32786,0.04413469164,0.04968584152,0.1411273104,0.1840114683,0.1438418837,0.1555542,0.2816446044
2023Q4,서울특별시,강동구,천호제3동,26054,0.04344822292,0.04091502265,0.1631227451,0.1939433484,0.1340677055,0.1487679435,0.2757350119
2023Q4,서울특별시,강북구,미아동,20853,0.02709442286,0.05447657411,0.1688965616,0.1299093656,0.1260729871,0.1695679279,0.3239821608
2023Q4,서울특별시,강북구,번1동,17374,0.02803039024,0.04915390814,0.1628870726,0.1451594336,0.1451018764,0.1672614251,0.3024058939
2023Q4,서울특별시,강북구,번2동,14875,0.03280672269,0.05667226891,0.1230252101,0.1065546218,0.1297478992,0.1700840336,0.3811092437
2023Q4,서울특별시,강북구,번3동,16354,0.04078512902,0.06891280421,0.1035220741,0.09814112755,0.1306713954,0.1690717867,0.388895683
2023Q4,서울특별시,강북구,삼각산동,30606,0.07384173038,0.1235378684,0.1075932824,0.1043586225,0.184408286,0.1800300595,0.226230151
2023Q4,서울특별시,강북구,삼양동,22408,0.04386826134,0.07100142806,0.1254016423,0.1158961085,0.1366476258,0.1861835059,0.3210014281
2023Q4,서울특별시,강북구,송중동,28623,0.04430003843,0.06494776928,0.1322712504,0.1310484575,0.1429619537,0.1726234147,0.311847116
2023Q4,서울특별시,강북구,송천동,24755,0.02985255504,0.05445364573,0.1207028883,0.1175116138,0.1271258332,0.1853766916,0.3649767724
2023Q4,서울특별시,강북구,수유1동,19860,0.0356998993,0.06087613293,0.1411883182,0.1331822759,0.1305639476,0.167673716,0.33081571
2023Q4,서울특별시,강북구,수유2동,20522,0.04059058571,0.06003313517,0.126498392,0.1131468668,0.1333690673,0.1728389046,0.3535230484
2023Q4,서울특별시,강북구,수유3동,22995,0.02583170254,0.04348771472,0.1838660578,0.1447271146,0.1268101761,0.1704718417,0.3048053925
2023Q4,서울특별시,강북구,우이동,19815,0.04239212718,0.0620237194,0.1164269493,0.1204642947,0.1322230633,0.1779460005,0.3485238456
2023Q4,서울특별시,강북구,인수동,29073,0.03928043202,0.06645341038,0.1192859354,0.118426031,0.1332507825,0.1717401025,0.3515633062
2023Q4,서울특별시,강서구,가양제1동,33873,0.03985475157,0.04939036991,0.2297700233,0.2638384554,0.1311664157,0.1207156142,0.1652643699
2023Q4,서울특별시,강서구,가양제2동,13458,0.03187695051,0.02868182494,0.09711695646,0.164363204,0.1011294397,0.1214890771,0.4553425472
2023Q4,서울특별시,강서구,가양제3동,14116,0.04406347407,0.02862000567,0.08826863134,0.2073533579,0.12588552,0.1336780958,0.3721309153
2023Q4,서울특별시,강서구,공항동,29461,0.0955839924,0.07667764163,0.1242659788,0.1650317369,0.1764027019,0.1392688639,0.2227690846
2023Q4,서울특별시,강서구,등촌제1동,24934,0.04985160825,0.04552017326,0.189740916,0.2664634635,0.1385658137,0.1232453678,0.1866126574
2023Q4,서울특별시,강서구,등촌제2동,19350,0.0503875969,0.07240310078,0.1402067183,0.170749354,0.1438242894,0.155245478,0.2671834625
2023Q4,서울특별시,강서구,등촌제3동,29407,0.04804978407,0.05573502907,0.1101438433,0.1559492638,0.1228959091,0.1523106743,0.3549154963
2023Q4,서울특별시,강서구,발산제1동,35653,0.06498751858,0.1369029254,0.119625277,0.1057975486,0.1809945867,0.1697472863,0.2219448574
2023Q4,서울특별시,강서구,방화제1동,41999,0.07364461059,0.1026453011,0.1072882688,0.1394557013,0.1707183504,0.1524560109,0.2537917569
2023Q4,서울특별시,강서구,방화제2동,22698,0.04374834787,0.05546744207,0.1341527888,0.1657855318,0.1332716539,0.1512027491,0.3163714865
2023Q4,서울특별시,강서구,방화제3동,21992,0.04706256821,0.06297744634,0.08939614405,0.1529647144,0.1467351764,0.148735904,0.3521280466
2023Q4,서울특별시,강서구,염창동,41359,0.08307744385,0.1054667666,0.1290650161,0.1756570517,0.1768659784,0.1489881283,0.1808796151
2023Q4,서울특별시,강서구,우장산동,43708,0.07145145054,0.1241191544,0.1191772673,0.1201381898,0.1873798847,0.1626246911,0.2151093621
2023Q4,서울특별시,강서구,화곡본동,32953,0.04309167602,0.06621551907,0.1681789215,0.1851728219,0.1547658787,0.145601311,0.2369738719
2023Q4,서울특별시,강서구,화곡제1동,50774,0.03927206838,0.04293536062,0.1757198566,0.2021507071,0.1435577264,0.1413124828,0.2550517982
2023Q4,서울특별시,강서구,화곡제2동,17053,0.04796809945,0.07470826248,0.1368087726,0.1525831232,0.1618483551,0.1630211693,0.2630622178
2023Q4,서울특별시,강서구,화곡제3동,21108,0.04675952246,0.07466363464,0.1413208262,0.1469111237,0.1452056092,0.1499905249,0.2951487588
2023Q4,서울특별시,강서구,화곡제4동,19721,0.04193499315,0.06155874449,0.1267177121,0.1487754171,0.1543025202,0.1660666295,0.3006439836
2023Q4,서울특별시,강서구,화곡제6동,25951,0.05317714154,0.05545065701,0.1675079958,0.1964086162,0.1378366922,0.142576394,0.2470425032
2023Q4,서울특별시,강서구,화곡제8동,23490,0.03908045977,0.06096211154,0.1508301405,0.1621966794,0.1522349936,0.152703278,0.2819923372
2024Q1,서울특별시,강남구,개포1동,23219,0.09483612559,0.1254145312,0.09423317111,0.1145182824,0.1906628192,0.15237521,0.2279598605
2024Q1,서울특별시,강남구,개포2동,41738,0.08689922852,0.1234127174,0.1100196464,0.1470841919,0.1817767981,0.160405386,0.1904020317
2024Q1,서울특별시,강남구,개포3동,16771,0.05980561684,0.09629717966,0.0952238984,0.1432234214,0.1724405223,0.1444159561,0.2885934053
2024Q1,서울특별시,강남구,개포4동,23094,0.06594786525,0.09071620334,0.1237117866,0.1549753183,0.1619901273,0.1695245518,0.2331341474
2024Q1,서울특별시,강남구,논현1동,20919,0.02504899852,0.03852956642,0.1828481285,0.2466657106,0.1734308523,0.132367704,0.2011090396
2024Q1,서울특별시,강남구,논현2동,20374,0.04152351036,0.05826052812,0.1540198292,0.2002061451,0.1774811034,0.149455188,0.2190536959
2024Q1,서울특별시,강남구,대치1동,23821,0.06645396919,0.2241299694,0.09185172747,0.05591704798,0.2261869779,0.1696822132,0.165778095
2024Q1,서울특별시,강남구,대치2동,38161,0.05985168104,0.1764890857,0.1001546081,0.0873404785,0.1949634444,0.1722439139,0.2089567883
2024Q1,서울특별시,강남구,대치4동,18415,0.03040999185,0.115557969,0.1585663861,0.1666033125,0.1830029867,0.1818083084,0.1640510453
2024Q1,서울특별시,강남구,도곡1동,20502,0.06877377817,0.1156472539,0.1192566579,0.1364744903,0.1776412057,0.1598380646,0.2223685494
2024Q1,서울특별시,강남구,도곡2동,32390,0.07483791294,0.144581661,0.1063599877,0.09277554801,0.1874652671,0.1704229701,0.2235566533
2024Q1,서울특별시,강남구,삼성1동,12058,0.05274506552,0.09155747222,0.1274672417,0.1428097529,0.1544203019,0.1671089733,0.2638911926
2024Q1,서울특별시,강남구,삼성2동,30469,0.06291640684,0.115494437,0.1250123076,0.1524172109,0.2004660475,0.1645278808,0.1791657094
2024Q1,서울특별시,강남구,세곡동,45254,0.07672249967,0.1122110753,0.1153710169,0.1563176736,0.175343616,0.1387943607,0.2252397578
2024Q1,서울특별시,강남구,수서동,13927,0.03712213686,0.0348962447,0.08027572341,0.1329791053,0.1139513176,0.1303223953,0.4704530768
2024Q1,서울특별시,강남구,신사동,15417,0.05409612765,0.09664655899,0.1228513978,0.1316079652,0.1607965233,0.1672828696,0.2667185574
2024Q1,서울특별시,강남구,압구정동,25582,0.07008834337,0.1044484403,0.1070674693,0.1089046986,0.1661324369,0.1662106168,0.2771479947
2024Q1,서울특별시,강남구,역삼1동,34188,0.02337077337,0.03741078741,0.1943664444,0.2816192816,0.1786884287,0.1246928747,0.1598514099
2024Q1,서울특별시,강남구,역삼2동,36287,0.05913963678,0.1586243007,0.1209524072,0.1234326343,0.2283462397,0.1636674291,0.1458373522
2024Q1,서울특별시,강남구,일원1동,14430,0.03839223839,0.06666666667,0.1322245322,0.1462231462,0.1379071379,0.1461538462,0.3324324324
2024Q1,서울특별시,강남구,일원본동,22702,0.07682142543,0.1439080257,0.0974803982,0.1115320236,0.188441547,0.1581358471,0.223680733
2024Q1,서울특별시,강남구,청담동,24562,0.06550769481,0.09001709958,0.1274733328,0.1490513802,0.1782835274,0.1634638873,0.2262030779
2024Q1,서울특별시,강동구,강일동,34550,0.09146164978,0.1080463097,0.102170767,0.1263675832,0.1662228654,0.1479015919,0.257829233
2024Q1,서울특별시,강동구,고덕제1동,23891,0.08802477921,0.1654179398,0.08082541543,0.09920053577,0.2220082876,0.1436524214,0.2008706207
2024Q1,서울특별시,강동구,고덕제2동,24321,0.1075613667,0.1082603511,0.09115579129,0.1484313967,0.1953455861,0.1418527199,0.2073927881
2024Q1,서울특별시,강동구,길동,44691,0.0441028395,0.05840102034,0.1408784767,0.1598532143,0.1445704952,0.1594280728,0.2927658813
2024Q1,서울특별시,강동구,둔촌제1동,52,0.01923076923,0.07692307692,0.1153846154,0.1346153846,0.2307692308,0.1730769231,0.25
2024Q1,서울특별시,강동구,둔촌제2동,24226,0.06237100636,0.07578634525,0.1259390737,0.1526046396,0.1457937753,0.1599933955,0.2775117642
2024Q1,서울특별시,강동구,명일제1동,25136,0.07944780395,0.09313335455,0.1060630172,0.1448520051,0.1655792489,0.1555140038,0.2554105665
2024Q1,서울특별시,강동구,명일제2동,16937,0.05514553935,0.1377457637,0.1233984767,0.1058038614,0.1715770207,0.1554584637,0.2508708744
2024Q1,서울특별시,강동구,상일제1동,39206,0.1126868336,0.1243942254,0.08577768709,0.1286027649,0.2053767281,0.1397235117,0.2034382492
2024Q1,서울특별시,강동구,상일제2동,12904,0.09431184129,0.1229851209,0.1241475511,0.1406540608,0.1572380657,0.1454587725,0.2152045877
2024Q1,서울특별시,강동구,성내제1동,19276,0.06692259805,0.08165594522,0.1263747665,0.152417514,0.1660095455,0.1528325379,0.2537870928
